cam0:
  T_cam_imu:
  - [0.6978915108706849, 0.7161922654974957, 0.004009725202229031, 
      -0.0020859383191404748]
  - [0.007457915755916145, -0.0016688367732415887, -0.9999707968117879, 
      -0.003668872362360783]
  - [-0.7161646588231023, 0.6979010344063039, -0.006505968598193218, 
      -0.034250129165149544]
  - [0.0, 0.0, 0.0, 1.0]
  T_imu_cam:
  - [0.6978915108706849, 0.007457915755916231, -0.7161646588231022, 
      -0.023045611282080807]
  - [0.7161922654974957, -0.0016688367732415478, 0.6979010344063038, 
      0.025391010714266]
  - [0.004009725202228938, -0.9999707968117877, -0.006505968598193181, 
      -0.0038832314449746288]
  - [0.0, 0.0, 0.0, 1.0]
  T_cn_cnm1:
  - [0.012405478720253537, -0.00434061093773991, -0.9999136278671314, 
      -0.03263719533395784]
  - [-0.003453092447821832, 0.9999844292824651, -0.004383759250830066, 
      -0.0001264884297584637]
  - [0.9999170866878253, 0.003507176828963008, 0.012390297027200403, 
      -0.032062146110960636]
  - [0.0, 0.0, 0.0, 1.0]
  distortion_coeffs: [-0.06965739446109163, 0.5185333787615272, 
      -0.0022861259330674527, 0.0007440684160181787, 0.0]
  intrinsics: [3.1849591278758598, 1645.2670662804553, 1645.506191736141, 
      552.5641600205521, 607.2208000118665]
  resolution: [1088, 1280]
  camera_model: omni
  distortion_model: radtan
  timeshift_cam_imu: 0.0
  rostopic: /fisheye/left/image_raw
cam1:
  T_cam_imu:
  - [0.7176051577905872, -0.6959024164773671, 0.02761637654196386, 
      0.0017759639882759318]
  - [0.011576299509614085, -0.027729022762562477, -0.9995484433414403, 
      -0.0032306302647812594]
  - [0.6963539522412505, 0.7176008138495902, -0.011842514952301125, 
      -0.03429210167497171]
  - [0.0, 0.0, 0.0, 1.0]
  T_imu_cam:
  - [0.7176051577905873, 0.011576299509614302, 0.696353952241251, 
      0.022642398357538153]
  - [-0.6959024164773671, -0.027729022762562547, 0.7176008138495906, 
      0.025754355481441067]
  - [0.027616376541963677, -0.9995484433414409, -0.011842514952301235, 
      -0.0036843218692307373]
  - [0.0, 0.0, 0.0, 1.0]
  T_cn_cnm1:
  - [0.002521353637975837, -0.02110238369970377, -0.9997741405827731, 
      -0.03253859202682669]
  - [-0.015788225061410317, 0.9996518636195026, -0.021139619473053033, 
      -0.00032000313146620307]
  - [0.9998721791935419, 0.015837959598562705, 0.0021873066798632212, 
      -0.03207340699359297]
  - [0.0, 0.0, 0.0, 1.0]
  distortion_coeffs: [-0.08544617669490244, 0.5921794567428318, 
      -0.0020367721520707024, 0.0011627333970199902, 0.0]
  intrinsics: [3.1815222305768693, 1649.5916411684627, 1649.7465175359455, 
      526.0784291776732, 645.868386425431]
  resolution: [1088, 1280]
  camera_model: omni
  distortion_model: radtan
  timeshift_cam_imu: 0.0
  rostopic: /fisheye/right/image_raw
cam2:
  T_cam_imu:
  - [-0.7036290752246416, -0.7105671599577614, -0.0006600667217027678, 
      0.0018604395029767767]
  - [-0.0008577040513513823, 0.0017782568840130075, -0.9999980510712083, 
      -0.003447508134600318]
  - [0.7105669488811568, -0.7036271377597767, -0.0018606895786631439, 
      -0.03021823698211897]
  - [0.0, 0.0, 0.0, 1.0]
  T_imu_cam:
  - [-0.7036290752246412, -0.0008577040513514758, 0.7105669488811563, 
      0.022778182838248826]
  - [-0.7105671599577613, 0.001778256884013198, -0.7036271377597765, 
      -0.019934273826898514]
  - [-0.0006600667217026979, -0.9999980510712079, -0.0018606895786629418, 
      -0.0035025001600869935]
  - [0.0, 0.0, 0.0, 1.0]
  T_cn_cnm1:
  - [-0.010460678519686094, 0.012217680698505635, -0.9998706428749957, 
      -0.03236917764693811]
  - [-0.02946930883342444, 0.9994872569280969, 0.012521304853273674, 
      0.0002631839372741306]
  - [0.9995109474346882, 0.029596478113074965, -0.010095268273515257, 
      -0.03224390511879908]
  - [0.0, 0.0, 0.0, 1.0]
  distortion_coeffs: [-0.08475953570968195, 0.6542993976304012, 
      -0.002700437634801409, 0.0008964237510643435, 0.0]
  intrinsics: [3.168628322706411, 1637.2282385550466, 1637.1949617029884, 
      537.2051646283102, 594.7190717817954]
  resolution: [1088, 1280]
  camera_model: omni
  distortion_model: radtan
  timeshift_cam_imu: 0.0
  rostopic: /fisheye/bright/image_raw
cam3:
  T_cam_imu:
  - [-0.7074733538245996, 0.7067336396768671, -0.003002694999603428, 
      -0.0017965664932877573]
  - [0.0019168080082299643, -0.002329860432616959, -0.9999954487883552, 
      -0.003682613538972757]
  - [-0.7067374190427673, -0.7074758895534551, 0.0002936414739889148, 
      -0.03056019903918477]
  - [0.0, 0.0, 0.0, 1.0]
  T_imu_cam:
  - [-0.7074733538246, 0.0019168080082298817, -0.7067374190427675, 
      -0.02286200025363918]
  - [0.7067336396768673, -0.002329860432617288, -0.7074758895534551, 
      -0.0203594899990282]
  - [-0.003002694999603257, -0.9999954487883556, 0.00029364147398862393, 
      -0.0036790175779537345]
  - [0.0, 0.0, 0.0, 1.0]
  T_cn_cnm1:
  - [-0.004380911515077257, 0.004866245869285158, -0.9999785634029544, 
      -0.031989228856176125]
  - [0.0009668641820916048, 0.999987712724086, 0.004862054555854983, 
      -9.002384038566022e-05]
  - [0.9999899363433365, -0.0009455432250230563, -0.004385562684441013, 
      -0.03255640355979542]
  - [0.0, 0.0, 0.0, 1.0]
  distortion_coeffs: [-0.10630235575660132, 0.7698914339751496, 
      0.0016101930371934272, 0.0011709561966120813, 0.0]
  intrinsics: [3.1813260637179797, 1642.1044917662514, 1642.1369306781667, 
      556.3988211466784, 611.9199590653807]
  resolution: [1088, 1280]
  camera_model: omni
  distortion_model: radtan
  timeshift_cam_imu: 0.0
  rostopic: /fisheye/bleft/image_raw
